20 0.11875 0.9265625 0.1234375 0.14609375
16 0.25234375 0.753125 0.05 0.0828125
16 0.15078125 0.584375 0.028125 0.04140625
1 0.328125 0.8609375 0.06796875 0.12421875
1 0.2609375 0.8390625 0.0734375 0.1046875
1 0.13828125 0.67734375 0.04453125 0.06640625
7 0.58125 0.803125 0.05546875 0.1609375
5 0.80078125 0.87421875 0.0734375 0.09375
7 0.278125 0.58515625 0.040625 0.08515625
7 0.38203125 0.66015625 0.03125 0.1046875
7 0.2703125 0.56796875 0.0234375 0.0875
9 0.2515625 0.6859375 0.05703125 0.06171875