15 0.5203125 0.47578125 0.16875 0.1046875
15 0.4890625 0.47109375 0.1890625 0.11875
15 0.5234375 0.478125 0.1890625 0.1140625
15 0.19296875 0.53984375 0.2 0.09375
15 0.771875 0.37109375 0.2421875 0.0984375
15 0.2921875 0.49140625 0.209375 0.075
15 0.57890625 0.3234375 0.2546875 0.159375
15 0.765625 0.58828125 0.20625 0.0671875
15 0.94765625 0.68046875 0.1046875 0.0859375
15 0.93984375 0.5625 0.1203125 0.09375
15 0.309375 0.15234375 0.3125 0.1203125
15 0.06953125 0.234375 0.1390625 0.1125
15 0.4421875 0.0765625 0.228125 0.153125
15 0.778125 0.171875 0.284375 0.1421875
15 0.378125 0.25625 0.271875 0.1125
15 0.6546875 0.70859375 0.1796875 0.06875
15 0.52890625 0.6359375 0.14375 0.071875
15 0.5125 0.7140625 0.1078125 0.059375
15 0.3625 0.5703125 0.1421875 0.084375
15 0.47578125 0.89765625 0.0703125 0.0546875
15 0.31328125 0.79140625 0.0921875 0.059375
15 0.15 0.79375 0.1375 0.0546875