15 0.52109375 0.5234375 0.16484375 0.0984375
15 0.48984375 0.52890625 0.1859375 0.1125
15 0.52421875 0.52109375 0.1859375 0.1078125
15 0.19140625 0.47109375 0.196875 0.08671875
15 0.7765625 0.61953125 0.2390625 0.08984375
15 0.29296875 0.515625 0.2078125 0.0671875
15 0.58515625 0.6734375 0.25 0.15
15 0.7625 0.40234375 0.2046875 0.06015625
15 0.94296875 0.303125 0.10390625 0.08203125
15 0.93984375 0.42109375 0.1203125 0.0890625
15 0.321875 0.85390625 0.30859375 0.109375
15 0.0734375 0.7796875 0.14609375 0.1078125
15 0.4578125 0.92578125 0.2234375 0.1484375
15 0.7890625 0.81796875 0.2796875 0.1328125
15 0.38671875 0.74765625 0.26875 0.103125
15 0.64765625 0.2859375 0.178125 0.0625
15 0.52421875 0.36328125 0.14140625 0.06640625
15 0.5046875 0.2859375 0.10625 0.05625
15 0.36015625 0.434375 0.13984375 0.0796875
15 0.46171875 0.103125 0.06875 0.0515625
15 0.303125 0.215625 0.090625 0.05625
15 0.13984375 0.21875 0.13515625 0.05