15 0.48203125 0.47421875 0.1765625 0.1203125
15 0.5140625 0.47265625 0.2 0.1375
15 0.47890625 0.47578125 0.1984375 0.1328125
15 0.8015625 0.571875 0.20625 0.1125
15 0.24296875 0.34296875 0.25 0.121875
15 0.70703125 0.51328125 0.215625 0.0953125
15 0.43984375 0.31640625 0.26875 0.1828125
15 0.2265625 0.56015625 0.2109375 0.0875
15 0.0453125 0.63359375 0.090625 0.0953125
15 0.059375 0.51640625 0.11875 0.1046875
15 0.72578125 0.17421875 0.3203125 0.1515625
15 0.940625 0.28203125 0.11875 0.1265625
15 0.60078125 0.08671875 0.2421875 0.1734375
15 0.2578125 0.14453125 0.2953125 0.1703125
15 0.646875 0.2703125 0.28125 0.1390625
15 0.32421875 0.69140625 0.184375 0.0859375
15 0.45703125 0.63203125 0.15 0.0859375
15 0.465625 0.7109375 0.1125 0.0703125
15 0.6296875 0.584375 0.15 0.0984375
15 0.4828125 0.8984375 0.075 0.0609375
15 0.65546875 0.809375 0.096875 0.06875
15 0.8171875 0.82890625 0.140625 0.06875